6.428906250000000000e+01
1.118242187500000000e+02
6.428906250000000000e+01
1.328007812500000000e+02
6.428906250000000000e+01
1.509804687500000000e+02
6.714843750000000000e+01
1.691601562500000000e+02
7.382031250000000000e+01
1.859414062500000000e+02
8.335156250000000000e+01
1.999257812500000000e+02
9.478906250000000000e+01
2.111132812500000000e+02
1.081328125000000000e+02
2.181054687500000000e+02
1.214765625000000000e+02
2.195039062500000000e+02
1.338671875000000000e+02
2.181054687500000000e+02
1.453046875000000000e+02
2.097148437500000000e+02
1.557890625000000000e+02
1.999257812500000000e+02
1.643671875000000000e+02
1.901367187500000000e+02
1.719921875000000000e+02
1.761523437500000000e+02
1.777109375000000000e+02
1.593710937500000000e+02
1.786640625000000000e+02
1.425898437500000000e+02
1.786640625000000000e+02
1.258085937500000000e+02
7.572656250000000000e+01
1.034335937500000000e+02
8.573437500000000000e+01
1.013359375000000000e+02
9.621875000000000000e+01
1.034335937500000000e+02
1.071796875000000000e+02
1.069296875000000000e+02
1.176640625000000000e+02
1.111250000000000000e+02
1.414921875000000000e+02
1.132226562500000000e+02
1.510234375000000000e+02
1.111250000000000000e+02
1.605546875000000000e+02
1.090273437500000000e+02
1.700859375000000000e+02
1.076289062500000000e+02
1.777109375000000000e+02
1.132226562500000000e+02
1.291015625000000000e+02
1.230117187500000000e+02
1.281484375000000000e+02
1.369960937500000000e+02
1.281484375000000000e+02
1.495820312500000000e+02
1.271953125000000000e+02
1.621679687500000000e+02
1.109921875000000000e+02
1.663632812500000000e+02
1.186171875000000000e+02
1.691601562500000000e+02
1.262421875000000000e+02
1.705585937500000000e+02
1.329140625000000000e+02
1.691601562500000000e+02
1.395859375000000000e+02
1.677617187500000000e+02
8.621093750000000000e+01
1.188164062500000000e+02
9.192968750000000000e+01
1.146210937500000000e+02
1.062265625000000000e+02
1.160195312500000000e+02
1.119453125000000000e+02
1.244101562500000000e+02
1.052734375000000000e+02
1.244101562500000000e+02
9.192968750000000000e+01
1.216132812500000000e+02
1.472109375000000000e+02
1.244101562500000000e+02
1.519765625000000000e+02
1.188164062500000000e+02
1.643671875000000000e+02
1.202148437500000000e+02
1.691328125000000000e+02
1.244101562500000000e+02
1.643671875000000000e+02
1.272070312500000000e+02
1.529296875000000000e+02
1.272070312500000000e+02
9.669531250000000000e+01
1.803476562500000000e+02
1.081328125000000000e+02
1.817460937500000000e+02
1.214765625000000000e+02
1.817460937500000000e+02
1.252890625000000000e+02
1.817460937500000000e+02
1.291015625000000000e+02
1.817460937500000000e+02
1.386328125000000000e+02
1.831445312500000000e+02
1.491171875000000000e+02
1.831445312500000000e+02
1.405390625000000000e+02
1.901367187500000000e+02
1.329140625000000000e+02
1.943320312500000000e+02
1.243359375000000000e+02
1.971289062500000000e+02
1.148046875000000000e+02
1.943320312500000000e+02
1.052734375000000000e+02
1.887382812500000000e+02
9.860156250000000000e+01
1.817460937500000000e+02
1.119453125000000000e+02
1.845429687500000000e+02
1.243359375000000000e+02
1.873398437500000000e+02
1.357734375000000000e+02
1.873398437500000000e+02
1.481640625000000000e+02
1.831445312500000000e+02
1.357734375000000000e+02
1.859414062500000000e+02
1.243359375000000000e+02
1.873398437500000000e+02
1.109921875000000000e+02
1.859414062500000000e+02
